Camera Intrinsic Matrix K:

[
  1126.8243099308, 0.0000000000, 548.8477108217
  0.0000000000, 1120.2767872161, 744.4018858846
  0.0000000000, 0.0000000000, 1.0000000000
]

fx = 1126.8243099308
fy = 1120.2767872161
cx = 548.8477108217
cy = 744.4018858846
